Region,Land,1/22/20,1/23/20,1/24/20,1/25/20,1/26/20,1/27/20,1/28/20,1/29/20,1/30/20,1/31/20,2/1/20,2/2/20,2/3/20,2/4/20,2/5/20,2/6/20,2/7/20,2/8/20,2/9/20,2/10/20,2/11/20,2/12/20,2/13/20,2/14/20,2/15/20,2/16/20,2/17/20,2/18/20,2/19/20,2/20/20,2/21/20,2/22/20,2/23/20,2/24/20,2/25/20,2/26/20,2/27/20,2/28/20,2/29/20,3/1/20,3/2/20,3/3/20,3/4/20,3/5/20,3/6/20,3/7/20,3/8/20,3/9/20
Anhui,Mainland China,1,9,15,39,60,70,106,152,200,237,297,340,408,480,530,591,665,733,779,830,860,889,910,934,950,962,973,982,986,987,988,989,989,989,989,989,989,990,990,990,990,990,990,990,990,990,990,990
Beijing,Mainland China,14,22,36,41,68,80,91,111,114,139,168,191,212,228,253,274,297,315,326,337,342,352,366,372,375,380,381,387,393,395,396,399,399,399,400,400,410,410,411,413,414,414,418,418,422,426,428,428
Chongqing,Mainland China,6,9,27,57,75,110,132,147,182,211,247,300,337,366,389,411,426,428,468,486,505,518,529,537,544,551,553,555,560,567,572,573,575,576,576,576,576,576,576,576,576,576,576,576,576,576,576,576
Fujian,Mainland China,1,5,10,18,35,59,80,84,101,120,144,159,179,194,205,215,224,239,250,261,267,272,279,281,285,287,290,292,293,293,293,293,293,293,294,294,296,296,296,296,296,296,296,296,296,296,296,296
Gansu,Mainland China,0,2,2,4,7,14,19,24,26,29,40,51,55,57,62,62,67,79,83,83,86,87,90,90,90,90,91,91,91,91,91,91,91,91,91,91,91,91,91,91,91,91,91,102,119,120,124,124
Guangdong,Mainland China,26,32,53,78,111,151,207,277,354,436,535,632,725,813,895,970,1034,1095,1131,1159,1177,1219,1241,1261,1294,1316,1322,1328,1331,1332,1333,1339,1342,1345,1347,1347,1347,1348,1349,1349,1350,1350,1350,1351,1352,1352,1352,1352
Guangxi,Mainland China,2,5,23,23,36,46,51,58,78,87,100,111,127,139,150,168,172,183,195,210,215,222,222,226,235,237,238,242,244,245,246,249,249,251,252,252,252,252,252,252,252,252,252,252,252,252,252,252
Guizhou,Mainland China,1,3,3,4,5,7,9,9,12,29,29,38,46,58,64,71,81,89,99,109,127,133,135,140,143,144,146,146,146,146,146,146,146,146,146,146,146,146,146,146,146,146,146,146,146,146,146,146
Hainan,Mainland China,4,5,8,19,22,33,40,43,46,52,62,64,72,80,99,106,117,124,131,138,144,157,157,159,162,162,163,163,168,168,168,168,168,168,168,168,168,168,168,168,168,168,168,168,168,168,168,168
Hebei,Mainland China,1,1,2,8,13,18,33,48,65,82,96,104,113,126,135,157,172,195,206,218,239,251,265,283,291,300,301,306,306,307,308,309,311,311,311,312,317,318,318,318,318,318,318,318,318,318,318,318
Heilongjiang,Mainland China,0,2,4,9,15,21,33,38,44,59,80,95,121,155,190,227,277,295,307,331,360,378,395,419,425,445,457,464,470,476,479,479,480,480,480,480,480,480,480,480,480,480,480,481,481,481,481,481
Henan,Mainland China,5,5,9,32,83,128,168,206,278,352,422,493,566,675,764,851,914,981,1033,1073,1105,1135,1169,1184,1212,1231,1246,1257,1262,1265,1267,1270,1271,1271,1271,1271,1272,1272,1272,1272,1272,1272,1272,1272,1272,1272,1272,1272
Hubei,Mainland China,444,444,549,761,1058,1423,3554,3554,4903,5806,7153,11177,13522,16678,19665,22112,24953,27100,29631,31728,33366,33366,48206,54406,56249,58182,59989,61682,62031,62442,62662,64084,64084,64287,64786,65187,65596,65914,66337,66907,67103,67217,67332,67466,67592,67666,67707,67743
Hunan,Mainland China,4,9,24,43,69,100,143,221,277,332,389,463,521,593,661,711,772,803,838,879,912,946,968,988,1001,1004,1006,1007,1008,1010,1011,1013,1016,1016,1016,1016,1017,1017,1018,1018,1018,1018,1018,1018,1018,1018,1018,1018
Inner Mongolia,Mainland China,0,0,1,7,7,11,15,16,19,20,23,27,34,35,42,46,50,52,54,58,58,60,61,65,68,70,72,73,75,75,75,75,75,75,75,75,75,75,75,75,75,75,75,75,75,75,75,75
Jiangsu,Mainland China,1,5,9,18,33,47,70,99,129,168,202,236,271,308,341,373,408,439,468,492,515,543,570,593,604,617,626,629,631,631,631,631,631,631,631,631,631,631,631,631,631,631,631,631,631,631,631,631
Jiangxi,Mainland China,2,7,18,18,36,72,109,109,162,240,286,333,391,476,548,600,661,698,740,771,804,844,872,900,913,925,930,933,934,934,934,934,934,934,934,934,934,935,935,935,935,935,935,935,935,935,935,935
Jilin,Mainland China,0,1,3,4,4,6,8,9,14,14,17,23,31,42,54,59,65,69,78,80,81,83,84,86,88,89,89,89,90,91,91,91,91,93,93,93,93,93,93,93,93,93,93,93,93,93,93,93
Liaoning,Mainland China,2,3,4,17,21,27,34,39,41,48,64,70,74,81,89,94,99,105,107,108,111,116,117,119,119,121,121,121,121,121,121,121,121,121,121,121,121,121,121,122,122,125,125,125,125,125,125,125
Ningxia,Mainland China,1,1,2,3,4,7,11,12,17,21,26,28,31,34,34,40,43,45,45,49,53,58,64,67,70,70,70,70,71,71,71,71,71,71,71,71,72,72,73,73,74,74,75,75,75,75,75,75
Qinghai,Mainland China,0,0,0,1,1,6,6,6,8,8,9,11,13,15,17,18,18,18,18,18,18,18,18,18,18,18,18,18,18,18,18,18,18,18,18,18,18,18,18,18,18,18,18,18,18,18,18,18
Shaanxi,Mainland China,0,3,5,15,22,35,46,56,63,87,101,116,128,142,165,173,184,195,208,213,219,225,229,230,232,236,240,240,242,245,245,245,245,245,245,245,245,245,245,245,245,245,245,245,245,245,245,245
Shandong,Mainland China,2,6,15,27,46,75,95,130,158,184,206,230,259,275,307,347,386,416,444,466,487,497,509,523,532,537,541,543,544,546,749,750,754,755,756,756,756,756,756,758,758,758,758,758,758,758,758,758
Shanghai,Mainland China,9,16,20,33,40,53,66,96,112,135,169,182,203,219,243,257,277,286,293,299,303,311,315,318,326,328,333,333,333,334,334,335,335,335,336,337,337,337,337,337,337,338,338,339,342,342,342,342
Shanxi,Mainland China,1,1,1,6,9,13,27,27,35,39,47,66,74,81,81,96,104,115,119,119,124,126,126,127,128,129,130,131,131,132,132,132,132,133,133,133,133,133,133,133,133,133,133,133,133,133,133,133
Sichuan,Mainland China,5,8,15,28,44,69,90,108,142,177,207,231,254,282,301,321,344,364,386,405,417,436,451,463,470,481,495,508,514,520,525,526,526,527,529,531,534,538,538,538,538,538,538,539,539,539,539,539
Tianjin,Mainland China,4,4,8,10,14,23,24,27,31,32,41,48,60,67,69,79,81,88,91,95,106,112,119,120,122,124,125,128,130,131,132,135,135,135,135,135,136,136,136,136,136,136,136,136,136,136,136,136
Tibet,Mainland China,0,0,0,0,0,0,0,0,1,1,1,1,1,1,1,1,1,1,1,1,1,1,1,1,1,1,1,1,1,1,1,1,1,1,1,1,1,1,1,1,1,1,1,1,1,1,1,1
Xinjiang,Mainland China,0,2,2,3,4,5,10,13,14,17,18,21,24,29,32,36,39,42,45,49,55,59,63,65,70,71,75,76,76,76,76,76,76,76,76,76,76,76,76,76,76,76,76,76,76,76,76,76
Yunnan,Mainland China,1,2,5,11,16,26,44,55,70,83,93,105,117,122,128,133,138,138,141,149,153,154,156,162,168,171,171,172,172,174,174,174,174,174,174,174,174,174,174,174,174,174,174,174,174,174,174,174
Zhejiang,Mainland China,10,27,43,62,104,128,173,296,428,538,599,661,724,829,895,954,1006,1048,1075,1092,1117,1131,1145,1155,1162,1167,1171,1172,1174,1175,1203,1205,1205,1205,1205,1205,1205,1205,1205,1205,1206,1213,1213,1215,1215,1215,1215,1215
Thailand,Thailand,2,3,5,7,8,8,14,14,14,19,19,19,19,25,25,25,25,32,32,32,33,33,33,33,33,34,35,35,35,35,35,35,35,35,37,40,40,41,42,42,43,43,43,47,48,50,50,50
Japan,Japan,2,1,2,2,4,4,7,7,11,15,20,20,20,22,22,45,25,25,26,26,26,28,28,29,43,59,66,74,84,94,105,122,147,159,170,189,214,228,241,256,274,293,331,360,420,461,502,511
South Korea,South Korea,1,1,2,2,3,4,4,4,4,11,12,15,15,16,19,23,24,24,25,27,28,28,28,28,28,29,30,31,31,104,204,433,602,833,977,1261,1766,2337,3150,3736,4335,5186,5621,6088,6593,7041,7314,7478
Taiwan,Taiwan,1,1,3,3,4,5,8,8,9,10,10,10,10,11,11,16,16,17,18,18,18,18,18,18,18,20,22,22,23,24,26,26,28,30,31,32,32,34,39,40,41,42,42,44,45,45,45,45
"King County, WA",US,1,1,1,1,1,1,1,1,1,1,1,1,1,1,1,1,1,1,1,1,1,1,1,1,1,1,1,1,1,1,1,1,1,1,1,1,1,1,6,9,14,21,31,51,58,71,83,83
"Cook County, IL",US,0,0,1,1,1,1,1,1,1,2,2,2,2,2,2,2,2,2,2,2,2,2,2,2,2,2,2,2,2,2,2,2,2,2,2,2,2,2,2,3,4,4,4,5,5,6,7,7
Macau,Macau,1,2,2,2,5,6,7,7,7,7,7,8,8,10,10,10,10,10,10,10,10,10,10,10,10,10,10,10,10,10,10,10,10,10,10,10,10,10,10,10,10,10,10,10,10,10,10,10
Hong Kong,Hong Kong,0,2,2,5,8,8,8,10,10,12,13,15,15,17,21,24,25,26,29,38,49,50,53,56,56,57,60,62,63,68,68,69,74,79,84,91,92,94,95,96,100,100,105,105,107,108,114,115
Singapore,Singapore,0,1,3,3,4,5,7,7,10,13,16,18,18,24,28,28,30,33,40,45,47,50,58,67,72,75,77,81,84,84,85,85,89,89,91,93,93,93,102,106,108,110,110,117,130,138,150,150
Vietnam,Vietnam,0,2,2,2,2,2,2,2,2,2,6,6,8,8,8,10,10,13,13,14,15,15,16,16,16,16,16,16,16,16,16,16,16,16,16,16,16,16,16,16,16,16,16,16,16,18,30,30
France,France,0,0,2,3,3,3,4,5,5,5,6,6,6,6,6,6,6,11,11,11,11,11,11,11,12,12,12,12,12,12,12,12,12,12,14,18,38,57,100,130,191,204,285,377,653,949,1126,1209
Nepal,Nepal,0,0,0,1,1,1,1,1,1,1,1,1,1,1,1,1,1,1,1,1,1,1,1,1,1,1,1,1,1,1,1,1,1,1,1,1,1,1,1,1,1,1,1,1,1,1,1,1
Malaysia,Malaysia,0,0,0,3,4,4,4,7,8,8,8,8,8,10,12,12,12,16,16,18,18,18,19,19,22,22,22,22,22,22,22,22,22,22,22,22,23,23,25,29,29,36,50,50,83,93,99,117
British Columbia,Canada,0,0,0,0,0,0,1,1,1,1,1,1,1,1,2,2,4,4,4,4,4,4,4,4,4,4,5,5,5,5,6,6,6,6,7,7,7,7,8,8,8,9,12,13,21,21,27,32
"Los Angeles, CA",US,0,0,0,0,1,1,1,1,1,1,1,1,1,1,1,1,1,1,1,1,1,1,1,1,1,1,1,1,1,1,1,1,1,1,1,1,1,1,1,1,1,1,7,11,13,14,14,14
New South Wales,Australia,0,0,0,0,3,4,4,4,4,4,4,4,4,4,4,4,4,4,4,4,4,4,4,4,4,4,4,4,4,4,4,4,4,4,4,4,4,4,4,6,6,13,22,22,26,28,38,48
Victoria,Australia,0,0,0,0,1,1,1,1,2,3,4,4,4,4,4,4,4,4,4,4,4,4,4,4,4,4,4,4,4,4,4,4,4,4,4,4,4,4,7,7,9,9,10,10,10,11,11,15
Queensland,Australia,0,0,0,0,0,0,0,1,3,2,3,2,2,3,3,4,5,5,5,5,5,5,5,5,5,5,5,5,5,5,5,5,5,5,5,5,5,5,9,9,9,11,11,13,13,13,15,15
Cambodia,Cambodia,0,0,0,0,0,1,1,1,1,1,1,1,1,1,1,1,1,1,1,1,1,1,1,1,1,1,1,1,1,1,1,1,1,1,1,1,1,1,1,1,1,1,1,1,1,1,2,2
Sri Lanka,Sri Lanka,0,0,0,0,0,1,1,1,1,1,1,1,1,1,1,1,1,1,1,1,1,1,1,1,1,1,1,1,1,1,1,1,1,1,1,1,1,1,1,1,1,1,1,1,1,1,1,1
Germany,Germany,0,0,0,0,0,1,4,4,4,5,8,10,12,12,12,12,13,13,14,14,16,16,16,16,16,16,16,16,16,16,16,16,16,16,17,27,46,48,79,130,159,196,262,482,670,799,1040,1176
Finland,Finland,0,0,0,0,0,0,0,1,1,1,1,1,1,1,1,1,1,1,1,1,1,1,1,1,1,1,1,1,1,1,1,1,1,1,1,2,2,2,3,6,6,6,6,12,15,15,23,30
United Arab Emirates,United Arab Emirates,0,0,0,0,0,0,0,4,4,4,4,5,5,5,5,5,5,7,7,8,8,8,8,8,8,9,9,9,9,9,9,13,13,13,13,13,13,19,21,21,21,27,27,29,29,45,45,45
Philippines,Philippines,0,0,0,0,0,0,0,0,1,1,1,2,2,2,2,2,3,3,3,3,3,3,3,3,3,3,3,3,3,3,3,3,3,3,3,3,3,3,3,3,3,3,3,3,5,6,10,20
India,India,0,0,0,0,0,0,0,0,1,1,1,2,3,3,3,3,3,3,3,3,3,3,3,3,3,3,3,3,3,3,3,3,3,3,3,3,3,3,3,3,5,5,28,30,31,34,39,43
Italy,Italy,0,0,0,0,0,0,0,0,0,2,2,2,2,2,2,2,3,3,3,3,3,3,3,3,3,3,3,3,3,3,20,62,155,229,322,453,655,888,1128,1694,2036,2502,3089,3858,4636,5883,7375,9172
UK,UK,0,0,0,0,0,0,0,0,0,2,2,2,2,2,2,2,3,3,3,8,8,9,9,9,9,9,9,9,9,9,9,9,9,13,13,13,15,20,23,36,40,51,85,115,163,206,273,321
Russia,Russia,0,0,0,0,0,0,0,0,0,2,2,2,2,2,2,2,2,2,2,2,2,2,2,2,2,2,2,2,2,2,2,2,2,2,2,2,2,2,2,2,3,3,3,4,13,13,17,17
Sweden,Sweden,0,0,0,0,0,0,0,0,0,1,1,1,1,1,1,1,1,1,1,1,1,1,1,1,1,1,1,1,1,1,1,1,1,1,1,2,7,7,12,14,15,21,35,94,101,161,203,248
Spain,Spain,0,0,0,0,0,0,0,0,0,0,1,1,1,1,1,1,1,1,2,2,2,2,2,2,2,2,2,2,2,2,2,2,2,2,6,13,15,32,45,84,120,165,222,259,400,500,673,1073
South Australia,Australia,0,0,0,0,0,0,0,0,0,0,1,2,2,2,2,2,2,2,2,2,2,2,2,2,2,2,2,2,2,2,2,2,2,2,2,2,2,2,3,3,3,3,5,5,7,7,7,7
"San Benito, CA",US,0,0,0,0,0,0,0,0,0,0,0,0,2,2,2,2,2,2,2,2,2,2,2,2,2,2,2,2,2,2,2,2,2,2,2,2,2,2,2,2,2,2,2,2,2,2,2,2
Belgium,Belgium,0,0,0,0,0,0,0,0,0,0,0,0,0,1,1,1,1,1,1,1,1,1,1,1,1,1,1,1,1,1,1,1,1,1,1,1,1,1,1,2,8,13,23,50,109,169,200,239
"Madison, WI",US,0,0,0,0,0,0,0,0,0,0,0,0,0,0,1,1,1,1,1,1,1,1,1,1,1,1,1,1,1,1,1,1,1,1,1,1,1,1,1,1,1,1,1,1,1,1,1,1
Diamond Princess cruise ship,Others,0,0,0,0,0,0,0,0,0,0,0,0,0,0,0,0,61,61,64,135,135,175,175,218,285,355,454,542,621,634,634,634,691,691,691,705,705,705,705,705,705,706,706,706,696,696,696,696
"San Diego County, CA",US,0,0,0,0,0,0,0,0,0,0,0,0,0,0,0,0,0,0,0,0,1,1,2,2,2,2,2,2,2,2,2,2,2,2,2,2,2,2,2,2,2,2,2,3,3,3,3,3
"San Antonio, TX",US,0,0,0,0,0,0,0,0,0,0,0,0,0,0,0,0,0,0,0,0,0,0,1,1,1,1,1,1,1,1,1,1,1,1,1,1,1,1,1,1,1,1,1,1,1,1,1,1
Egypt,Egypt,0,0,0,0,0,0,0,0,0,0,0,0,0,0,0,0,0,0,0,0,0,0,0,1,1,1,1,1,1,1,1,1,1,1,1,1,1,1,1,2,2,2,2,3,15,15,49,55
Iran,Iran,0,0,0,0,0,0,0,0,0,0,0,0,0,0,0,0,0,0,0,0,0,0,0,0,0,0,0,0,2,5,18,28,43,61,95,139,245,388,593,978,1501,2336,2922,3513,4747,5823,6566,7161
"Omaha, NE (From Diamond Princess)",US,0,0,0,0,0,0,0,0,0,0,0,0,0,0,0,0,0,0,0,0,0,0,0,0,0,0,0,0,0,0,11,11,11,0,0,0,0,0,0,0,0,0,0,0,0,0,0,0
"Travis, CA (From Diamond Princess)",US,0,0,0,0,0,0,0,0,0,0,0,0,0,0,0,0,0,0,0,0,0,0,0,0,0,0,0,0,0,0,5,5,5,0,0,0,0,0,0,0,0,0,0,0,0,0,0,0
From Diamond Princess,Australia,0,0,0,0,0,0,0,0,0,0,0,0,0,0,0,0,0,0,0,0,0,0,0,0,0,0,0,0,0,0,4,7,7,7,7,7,8,8,0,0,0,0,0,0,0,0,0,0
"Lackland, TX (From Diamond Princess)",US,0,0,0,0,0,0,0,0,0,0,0,0,0,0,0,0,0,0,0,0,0,0,0,0,0,0,0,0,0,0,2,2,2,0,0,0,0,0,0,0,0,0,0,0,0,0,0,0
Lebanon,Lebanon,0,0,0,0,0,0,0,0,0,0,0,0,0,0,0,0,0,0,0,0,0,0,0,0,0,0,0,0,0,0,1,1,1,1,1,2,2,2,4,10,13,13,13,16,22,22,32,32
"Humboldt County, CA",US,0,0,0,0,0,0,0,0,0,0,0,0,0,0,0,0,0,0,0,0,0,0,0,0,0,0,0,0,0,0,1,1,1,1,1,1,1,1,1,1,1,1,1,1,1,1,1,1
"Sacramento County, CA",US,0,0,0,0,0,0,0,0,0,0,0,0,0,0,0,0,0,0,0,0,0,0,0,0,0,0,0,0,0,0,1,1,1,1,1,1,2,2,2,2,2,2,2,2,2,2,2,2
Iraq,Iraq,0,0,0,0,0,0,0,0,0,0,0,0,0,0,0,0,0,0,0,0,0,0,0,0,0,0,0,0,0,0,0,0,0,1,1,5,7,7,13,19,26,32,35,35,40,54,60,60
Unassigned Location (From Diamond Princess),US,0,0,0,0,0,0,0,0,0,0,0,0,0,0,0,0,0,0,0,0,0,0,0,0,0,0,0,0,0,0,0,0,0,36,36,42,42,44,44,44,45,45,45,45,45,45,45,45
Oman,Oman,0,0,0,0,0,0,0,0,0,0,0,0,0,0,0,0,0,0,0,0,0,0,0,0,0,0,0,0,0,0,0,0,0,2,2,4,4,4,6,6,6,12,15,16,16,16,16,16
Afghanistan,Afghanistan,0,0,0,0,0,0,0,0,0,0,0,0,0,0,0,0,0,0,0,0,0,0,0,0,0,0,0,0,0,0,0,0,0,1,1,1,1,1,1,1,1,1,1,1,1,1,4,4
Bahrain,Bahrain,0,0,0,0,0,0,0,0,0,0,0,0,0,0,0,0,0,0,0,0,0,0,0,0,0,0,0,0,0,0,0,0,0,1,23,33,33,36,41,47,49,49,52,55,60,85,85,95
Kuwait,Kuwait,0,0,0,0,0,0,0,0,0,0,0,0,0,0,0,0,0,0,0,0,0,0,0,0,0,0,0,0,0,0,0,0,0,1,11,26,43,45,45,45,56,56,56,58,58,61,64,64
Algeria,Algeria,0,0,0,0,0,0,0,0,0,0,0,0,0,0,0,0,0,0,0,0,0,0,0,0,0,0,0,0,0,0,0,0,0,0,1,1,1,1,1,1,3,5,12,12,17,17,19,20
Croatia,Croatia,0,0,0,0,0,0,0,0,0,0,0,0,0,0,0,0,0,0,0,0,0,0,0,0,0,0,0,0,0,0,0,0,0,0,1,3,3,5,6,7,7,9,10,10,11,12,12,12
Switzerland,Switzerland,0,0,0,0,0,0,0,0,0,0,0,0,0,0,0,0,0,0,0,0,0,0,0,0,0,0,0,0,0,0,0,0,0,0,1,1,8,8,18,27,42,56,90,114,214,268,337,374
Austria,Austria,0,0,0,0,0,0,0,0,0,0,0,0,0,0,0,0,0,0,0,0,0,0,0,0,0,0,0,0,0,0,0,0,0,0,2,2,3,3,9,14,18,21,29,41,55,79,104,131
Israel,Israel,0,0,0,0,0,0,0,0,0,0,0,0,0,0,0,0,0,0,0,0,0,0,0,0,0,0,0,0,0,0,1,1,1,1,1,2,3,4,7,10,10,12,15,16,21,21,39,39
Pakistan,Pakistan,0,0,0,0,0,0,0,0,0,0,0,0,0,0,0,0,0,0,0,0,0,0,0,0,0,0,0,0,0,0,0,0,0,0,0,2,2,2,4,4,4,5,5,5,6,6,6,6
Brazil,Brazil,0,0,0,0,0,0,0,0,0,0,0,0,0,0,0,0,0,0,0,0,0,0,0,0,0,0,0,0,0,0,0,0,0,0,0,1,1,1,2,2,2,2,4,4,13,13,20,25
Georgia,Georgia,0,0,0,0,0,0,0,0,0,0,0,0,0,0,0,0,0,0,0,0,0,0,0,0,0,0,0,0,0,0,0,0,0,0,0,1,1,1,1,3,3,3,3,4,4,4,13,15
Greece,Greece,0,0,0,0,0,0,0,0,0,0,0,0,0,0,0,0,0,0,0,0,0,0,0,0,0,0,0,0,0,0,0,0,0,0,0,1,3,4,4,7,7,7,9,31,45,46,73,73
North Macedonia,North Macedonia,0,0,0,0,0,0,0,0,0,0,0,0,0,0,0,0,0,0,0,0,0,0,0,0,0,0,0,0,0,0,0,0,0,0,0,1,1,1,1,1,1,1,1,1,3,3,3,3
Norway,Norway,0,0,0,0,0,0,0,0,0,0,0,0,0,0,0,0,0,0,0,0,0,0,0,0,0,0,0,0,0,0,0,0,0,0,0,1,1,6,15,19,25,32,56,87,108,147,176,205
Romania,Romania,0,0,0,0,0,0,0,0,0,0,0,0,0,0,0,0,0,0,0,0,0,0,0,0,0,0,0,0,0,0,0,0,0,0,0,1,1,3,3,3,3,3,4,6,9,9,15,15
Denmark,Denmark,0,0,0,0,0,0,0,0,0,0,0,0,0,0,0,0,0,0,0,0,0,0,0,0,0,0,0,0,0,0,0,0,0,0,0,0,1,1,3,4,4,6,10,10,23,23,35,90
Estonia,Estonia,0,0,0,0,0,0,0,0,0,0,0,0,0,0,0,0,0,0,0,0,0,0,0,0,0,0,0,0,0,0,0,0,0,0,0,0,1,1,1,1,1,2,2,3,10,10,10,10
Netherlands,Netherlands,0,0,0,0,0,0,0,0,0,0,0,0,0,0,0,0,0,0,0,0,0,0,0,0,0,0,0,0,0,0,0,0,0,0,0,0,1,1,6,10,18,24,38,82,128,188,265,321
San Marino,San Marino,0,0,0,0,0,0,0,0,0,0,0,0,0,0,0,0,0,0,0,0,0,0,0,0,0,0,0,0,0,0,0,0,0,0,0,0,1,1,1,1,8,10,16,21,21,23,36,36
Belarus,Belarus,0,0,0,0,0,0,0,0,0,0,0,0,0,0,0,0,0,0,0,0,0,0,0,0,0,0,0,0,0,0,0,0,0,0,0,0,0,1,1,1,1,1,6,6,6,6,6,6
Iceland,Iceland,0,0,0,0,0,0,0,0,0,0,0,0,0,0,0,0,0,0,0,0,0,0,0,0,0,0,0,0,0,0,0,0,0,0,0,0,0,1,1,3,6,11,26,34,43,50,50,58
Lithuania,Lithuania,0,0,0,0,0,0,0,0,0,0,0,0,0,0,0,0,0,0,0,0,0,0,0,0,0,0,0,0,0,0,0,0,0,0,0,0,0,1,1,1,1,1,1,1,1,1,1,1
Mexico,Mexico,0,0,0,0,0,0,0,0,0,0,0,0,0,0,0,0,0,0,0,0,0,0,0,0,0,0,0,0,0,0,0,0,0,0,0,0,0,1,4,5,5,5,5,5,6,6,7,7
New Zealand,New Zealand,0,0,0,0,0,0,0,0,0,0,0,0,0,0,0,0,0,0,0,0,0,0,0,0,0,0,0,0,0,0,0,0,0,0,0,0,0,1,1,1,1,1,3,3,4,5,5,5
Nigeria,Nigeria,0,0,0,0,0,0,0,0,0,0,0,0,0,0,0,0,0,0,0,0,0,0,0,0,0,0,0,0,0,0,0,0,0,0,0,0,0,1,1,1,1,1,1,1,1,1,1,2
Western Australia,Australia,0,0,0,0,0,0,0,0,0,0,0,0,0,0,0,0,0,0,0,0,0,0,0,0,0,0,0,0,0,0,0,0,0,0,0,0,0,0,2,2,2,2,2,3,3,3,3,4
Ireland,Ireland,0,0,0,0,0,0,0,0,0,0,0,0,0,0,0,0,0,0,0,0,0,0,0,0,0,0,0,0,0,0,0,0,0,0,0,0,0,0,1,1,1,2,6,6,18,18,19,21
Luxembourg,Luxembourg,0,0,0,0,0,0,0,0,0,0,0,0,0,0,0,0,0,0,0,0,0,0,0,0,0,0,0,0,0,0,0,0,0,0,0,0,0,0,1,1,1,1,1,1,2,2,3,3
Monaco,Monaco,0,0,0,0,0,0,0,0,0,0,0,0,0,0,0,0,0,0,0,0,0,0,0,0,0,0,0,0,0,0,0,0,0,0,0,0,0,0,1,1,1,1,1,1,1,1,1,1
Qatar,Qatar,0,0,0,0,0,0,0,0,0,0,0,0,0,0,0,0,0,0,0,0,0,0,0,0,0,0,0,0,0,0,0,0,0,0,0,0,0,0,1,3,3,7,8,8,8,8,15,18
"Snohomish County, WA",US,0,0,0,0,0,0,0,0,0,0,0,0,0,0,0,0,0,0,0,0,0,0,0,0,0,0,0,0,0,0,0,0,0,0,0,0,0,0,1,2,4,6,8,18,19,27,31,31
Ecuador,Ecuador,0,0,0,0,0,0,0,0,0,0,0,0,0,0,0,0,0,0,0,0,0,0,0,0,0,0,0,0,0,0,0,0,0,0,0,0,0,0,0,6,6,7,10,13,13,13,14,15
Azerbaijan,Azerbaijan,0,0,0,0,0,0,0,0,0,0,0,0,0,0,0,0,0,0,0,0,0,0,0,0,0,0,0,0,0,0,0,0,0,0,0,0,0,0,0,3,3,3,3,6,6,9,9,9
Czech Republic,Czech Republic,0,0,0,0,0,0,0,0,0,0,0,0,0,0,0,0,0,0,0,0,0,0,0,0,0,0,0,0,0,0,0,0,0,0,0,0,0,0,0,3,3,5,8,12,18,19,31,31
Armenia,Armenia,0,0,0,0,0,0,0,0,0,0,0,0,0,0,0,0,0,0,0,0,0,0,0,0,0,0,0,0,0,0,0,0,0,0,0,0,0,0,0,1,1,1,1,1,1,1,1,1
Dominican Republic,Dominican Republic,0,0,0,0,0,0,0,0,0,0,0,0,0,0,0,0,0,0,0,0,0,0,0,0,0,0,0,0,0,0,0,0,0,0,0,0,0,0,0,1,1,1,1,1,2,2,5,5
Indonesia,Indonesia,0,0,0,0,0,0,0,0,0,0,0,0,0,0,0,0,0,0,0,0,0,0,0,0,0,0,0,0,0,0,0,0,0,0,0,0,0,0,0,0,2,2,2,2,4,4,6,19
Portugal,Portugal,0,0,0,0,0,0,0,0,0,0,0,0,0,0,0,0,0,0,0,0,0,0,0,0,0,0,0,0,0,0,0,0,0,0,0,0,0,0,0,0,2,2,5,8,13,20,30,30
Andorra,Andorra,0,0,0,0,0,0,0,0,0,0,0,0,0,0,0,0,0,0,0,0,0,0,0,0,0,0,0,0,0,0,0,0,0,0,0,0,0,0,0,0,1,1,1,1,1,1,1,1
Tasmania,Australia,0,0,0,0,0,0,0,0,0,0,0,0,0,0,0,0,0,0,0,0,0,0,0,0,0,0,0,0,0,0,0,0,0,0,0,0,0,0,0,0,1,1,1,1,1,1,2,2
Latvia,Latvia,0,0,0,0,0,0,0,0,0,0,0,0,0,0,0,0,0,0,0,0,0,0,0,0,0,0,0,0,0,0,0,0,0,0,0,0,0,0,0,0,1,1,1,1,1,1,2,6
Morocco,Morocco,0,0,0,0,0,0,0,0,0,0,0,0,0,0,0,0,0,0,0,0,0,0,0,0,0,0,0,0,0,0,0,0,0,0,0,0,0,0,0,0,1,1,1,2,2,2,2,2
Saudi Arabia,Saudi Arabia,0,0,0,0,0,0,0,0,0,0,0,0,0,0,0,0,0,0,0,0,0,0,0,0,0,0,0,0,0,0,0,0,0,0,0,0,0,0,0,0,1,1,1,5,5,5,11,15
Senegal,Senegal,0,0,0,0,0,0,0,0,0,0,0,0,0,0,0,0,0,0,0,0,0,0,0,0,0,0,0,0,0,0,0,0,0,0,0,0,0,0,0,0,1,2,4,4,4,4,4,4
"Grafton County, NH",US,0,0,0,0,0,0,0,0,0,0,0,0,0,0,0,0,0,0,0,0,0,0,0,0,0,0,0,0,0,0,0,0,0,0,0,0,0,0,0,0,1,2,2,2,2,2,4,4
"Hillsborough, FL",US,0,0,0,0,0,0,0,0,0,0,0,0,0,0,0,0,0,0,0,0,0,0,0,0,0,0,0,0,0,0,0,0,0,0,0,0,0,0,0,0,1,2,2,2,2,2,2,2
"Placer County, CA",US,0,0,0,0,0,0,0,0,0,0,0,0,0,0,0,0,0,0,0,0,0,0,0,0,0,0,0,0,0,0,0,0,0,0,0,0,0,0,0,0,1,1,2,2,5,5,5,7
"San Mateo, CA",US,0,0,0,0,0,0,0,0,0,0,0,0,0,0,0,0,0,0,0,0,0,0,0,0,0,0,0,0,0,0,0,0,0,0,0,0,0,0,0,0,1,2,2,2,2,2,2,2
"Sarasota, FL",US,0,0,0,0,0,0,0,0,0,0,0,0,0,0,0,0,0,0,0,0,0,0,0,0,0,0,0,0,0,0,0,0,0,0,0,0,0,0,0,0,1,1,1,1,1,1,1,1
"Sonoma County, CA",US,0,0,0,0,0,0,0,0,0,0,0,0,0,0,0,0,0,0,0,0,0,0,0,0,0,0,0,0,0,0,0,0,0,0,0,0,0,0,0,0,1,1,1,1,1,1,1,3
"Umatilla, OR",US,0,0,0,0,0,0,0,0,0,0,0,0,0,0,0,0,0,0,0,0,0,0,0,0,0,0,0,0,0,0,0,0,0,0,0,0,0,0,0,0,1,1,1,1,1,1,1,1
"Fulton County, GA",US,0,0,0,0,0,0,0,0,0,0,0,0,0,0,0,0,0,0,0,0,0,0,0,0,0,0,0,0,0,0,0,0,0,0,0,0,0,0,0,0,0,2,2,2,2,3,3,5
"Washington County, OR",US,0,0,0,0,0,0,0,0,0,0,0,0,0,0,0,0,0,0,0,0,0,0,0,0,0,0,0,0,0,0,0,0,0,0,0,0,0,0,1,1,2,2,2,2,2,3,8,8
Argentina,Argentina,0,0,0,0,0,0,0,0,0,0,0,0,0,0,0,0,0,0,0,0,0,0,0,0,0,0,0,0,0,0,0,0,0,0,0,0,0,0,0,0,0,1,1,1,2,8,12,12
Chile,Chile,0,0,0,0,0,0,0,0,0,0,0,0,0,0,0,0,0,0,0,0,0,0,0,0,0,0,0,0,0,0,0,0,0,0,0,0,0,0,0,0,0,1,1,4,4,4,8,8
Jordan,Jordan,0,0,0,0,0,0,0,0,0,0,0,0,0,0,0,0,0,0,0,0,0,0,0,0,0,0,0,0,0,0,0,0,0,0,0,0,0,0,0,0,0,1,1,1,1,1,1,1
" Norfolk County, MA",US,0,0,0,0,0,0,0,0,0,0,0,0,0,0,0,0,0,0,0,0,0,0,0,0,0,0,0,0,0,0,0,0,0,0,0,0,0,0,0,0,0,1,1,1,2,2,6,6
"Maricopa County, AZ",US,0,0,0,0,1,1,1,1,1,1,1,1,1,1,1,1,1,1,1,1,1,1,1,1,1,1,1,1,1,1,1,1,1,1,1,1,1,1,1,1,1,1,1,1,2,3,3,3
"Wake County, NC",US,0,0,0,0,0,0,0,0,0,0,0,0,0,0,0,0,0,0,0,0,0,0,0,0,0,0,0,0,0,0,0,0,0,0,0,0,0,0,0,0,0,1,1,1,1,1,1,1
"Westchester County, NY",US,0,0,0,0,0,0,0,0,0,0,0,0,0,0,0,0,0,0,0,0,0,0,0,0,0,0,0,0,0,0,0,0,0,0,0,0,0,0,0,0,0,1,10,18,19,57,83,98
Ukraine,Ukraine,0,0,0,0,0,0,0,0,0,0,0,0,0,0,0,0,0,0,0,0,0,0,0,0,0,0,0,0,0,0,0,0,0,0,0,0,0,0,0,0,0,1,1,1,1,1,1,1
Saint Barthelemy,Saint Barthelemy,0,0,0,0,0,0,0,0,0,0,0,0,0,0,0,0,0,0,0,0,0,0,0,0,0,0,0,0,0,0,0,0,0,0,0,0,0,0,0,0,0,0,3,3,3,3,3,1
"Orange County, CA",US,0,0,0,0,1,1,1,1,1,1,1,1,1,1,1,1,1,1,1,1,1,1,1,1,1,1,1,1,1,1,1,1,1,1,1,1,1,1,1,1,1,1,3,3,3,3,3,4
Hungary,Hungary,0,0,0,0,0,0,0,0,0,0,0,0,0,0,0,0,0,0,0,0,0,0,0,0,0,0,0,0,0,0,0,0,0,0,0,0,0,0,0,0,0,0,2,2,2,4,7,9
Northern Territory,Australia,0,0,0,0,0,0,0,0,0,0,0,0,0,0,0,0,0,0,0,0,0,0,0,0,0,0,0,0,0,0,0,0,0,0,0,0,0,0,0,0,0,0,1,1,0,0,0,0
Faroe Islands,Faroe Islands,0,0,0,0,0,0,0,0,0,0,0,0,0,0,0,0,0,0,0,0,0,0,0,0,0,0,0,0,0,0,0,0,0,0,0,0,0,0,0,0,0,0,1,1,1,1,2,2
Gibraltar,Gibraltar,0,0,0,0,0,0,0,0,0,0,0,0,0,0,0,0,0,0,0,0,0,0,0,0,0,0,0,0,0,0,0,0,0,0,0,0,0,0,0,0,0,0,1,1,1,1,1,1
Liechtenstein,Liechtenstein,0,0,0,0,0,0,0,0,0,0,0,0,0,0,0,0,0,0,0,0,0,0,0,0,0,0,0,0,0,0,0,0,0,0,0,0,0,0,0,0,0,0,1,1,1,1,1,1
Poland,Poland,0,0,0,0,0,0,0,0,0,0,0,0,0,0,0,0,0,0,0,0,0,0,0,0,0,0,0,0,0,0,0,0,0,0,0,0,0,0,0,0,0,0,1,1,5,5,11,16
Tunisia,Tunisia,0,0,0,0,0,0,0,0,0,0,0,0,0,0,0,0,0,0,0,0,0,0,0,0,0,0,0,0,0,0,0,0,0,0,0,0,0,0,0,0,0,0,1,1,1,1,2,2
"Contra Costa County, CA",US,0,0,0,0,0,0,0,0,0,0,0,0,0,0,0,0,0,0,0,0,0,0,0,0,0,0,0,0,0,0,0,0,0,0,0,0,0,0,0,0,0,0,1,1,3,3,12,12
Palestine,Palestine,0,0,0,0,0,0,0,0,0,0,0,0,0,0,0,0,0,0,0,0,0,0,0,0,0,0,0,0,0,0,0,0,0,0,0,0,0,0,0,0,0,0,0,4,16,22,22,22
Bosnia and Herzegovina,Bosnia and Herzegovina,0,0,0,0,0,0,0,0,0,0,0,0,0,0,0,0,0,0,0,0,0,0,0,0,0,0,0,0,0,0,0,0,0,0,0,0,0,0,0,0,0,0,0,2,2,3,3,3
Slovenia,Slovenia,0,0,0,0,0,0,0,0,0,0,0,0,0,0,0,0,0,0,0,0,0,0,0,0,0,0,0,0,0,0,0,0,0,0,0,0,0,0,0,0,0,0,0,2,7,7,16,16
"Bergen County, NJ",US,0,0,0,0,0,0,0,0,0,0,0,0,0,0,0,0,0,0,0,0,0,0,0,0,0,0,0,0,0,0,0,0,0,0,0,0,0,0,0,0,0,0,0,2,2,4,4,4
"Harris County, TX",US,0,0,0,0,0,0,0,0,0,0,0,0,0,0,0,0,0,0,0,0,0,0,0,0,0,0,0,0,0,0,0,0,0,0,0,0,0,0,0,0,0,0,0,2,3,5,5,6
"San Francisco County, CA",US,0,0,0,0,0,0,0,0,0,0,0,0,0,0,0,0,0,0,0,0,0,0,0,0,0,0,0,0,0,0,0,0,0,0,0,0,0,0,0,0,0,0,0,2,2,9,9,9
South Africa,South Africa,0,0,0,0,0,0,0,0,0,0,0,0,0,0,0,0,0,0,0,0,0,0,0,0,0,0,0,0,0,0,0,0,0,0,0,0,0,0,0,0,0,0,0,1,1,1,3,3
"Clark County, NV",US,0,0,0,0,0,0,0,0,0,0,0,0,0,0,0,0,0,0,0,0,0,0,0,0,0,0,0,0,0,0,0,0,0,0,0,0,0,0,0,0,0,0,0,1,1,1,2,2
"Fort Bend County, TX",US,0,0,0,0,0,0,0,0,0,0,0,0,0,0,0,0,0,0,0,0,0,0,0,0,0,0,0,0,0,0,0,0,0,0,0,0,0,0,0,0,0,0,0,1,1,3,6,6
"Grant County, WA",US,0,0,0,0,0,0,0,0,0,0,0,0,0,0,0,0,0,0,0,0,0,0,0,0,0,0,0,0,0,0,0,0,0,0,0,0,0,0,0,0,0,0,0,1,1,1,1,1
"Santa Rosa County, FL",US,0,0,0,0,0,0,0,0,0,0,0,0,0,0,0,0,0,0,0,0,0,0,0,0,0,0,0,0,0,0,0,0,0,0,0,0,0,0,0,0,0,0,0,1,1,1,1,1
"Williamson County, TN",US,0,0,0,0,0,0,0,0,0,0,0,0,0,0,0,0,0,0,0,0,0,0,0,0,0,0,0,0,0,0,0,0,0,0,0,0,0,0,0,0,0,0,0,1,1,1,1,1
"New York County, NY",US,0,0,0,0,0,0,0,0,0,0,0,0,0,0,0,0,0,0,0,0,0,0,0,0,0,0,0,0,0,0,0,0,0,0,0,0,0,0,0,0,1,1,1,4,16,11,12,19
"Unassigned Location, WA",US,0,0,0,0,0,0,0,0,0,0,0,0,0,0,0,0,0,0,0,0,0,0,0,0,0,0,0,0,0,0,0,0,0,0,0,0,0,0,0,0,0,0,0,0,5,5,5,5
"Montgomery County, MD",US,0,0,0,0,0,0,0,0,0,0,0,0,0,0,0,0,0,0,0,0,0,0,0,0,0,0,0,0,0,0,0,0,0,0,0,0,0,0,0,0,0,0,0,0,3,3,4,4
"Suffolk County, MA",US,0,0,0,0,0,0,0,0,0,0,1,1,1,1,1,1,1,1,1,1,1,1,1,1,1,1,1,1,1,1,1,1,1,1,1,1,1,1,1,1,1,1,1,1,3,3,8,8
"Denver County, CO",US,0,0,0,0,0,0,0,0,0,0,0,0,0,0,0,0,0,0,0,0,0,0,0,0,0,0,0,0,0,0,0,0,0,0,0,0,0,0,0,0,0,0,0,0,2,2,2,2
"Summit County, CO",US,0,0,0,0,0,0,0,0,0,0,0,0,0,0,0,0,0,0,0,0,0,0,0,0,0,0,0,0,0,0,0,0,0,0,0,0,0,0,0,0,0,0,0,0,2,2,2,2
Bhutan,Bhutan,0,0,0,0,0,0,0,0,0,0,0,0,0,0,0,0,0,0,0,0,0,0,0,0,0,0,0,0,0,0,0,0,0,0,0,0,0,0,0,0,0,0,0,0,1,1,1,1
Cameroon,Cameroon,0,0,0,0,0,0,0,0,0,0,0,0,0,0,0,0,0,0,0,0,0,0,0,0,0,0,0,0,0,0,0,0,0,0,0,0,0,0,0,0,0,0,0,0,1,1,2,2
Colombia,Colombia,0,0,0,0,0,0,0,0,0,0,0,0,0,0,0,0,0,0,0,0,0,0,0,0,0,0,0,0,0,0,0,0,0,0,0,0,0,0,0,0,0,0,0,0,1,1,1,1
Costa Rica,Costa Rica,0,0,0,0,0,0,0,0,0,0,0,0,0,0,0,0,0,0,0,0,0,0,0,0,0,0,0,0,0,0,0,0,0,0,0,0,0,0,0,0,0,0,0,0,1,1,5,9
Peru,Peru,0,0,0,0,0,0,0,0,0,0,0,0,0,0,0,0,0,0,0,0,0,0,0,0,0,0,0,0,0,0,0,0,0,0,0,0,0,0,0,0,0,0,0,0,1,1,6,7
Serbia,Serbia,0,0,0,0,0,0,0,0,0,0,0,0,0,0,0,0,0,0,0,0,0,0,0,0,0,0,0,0,0,0,0,0,0,0,0,0,0,0,0,0,0,0,0,0,1,1,1,1
Slovakia,Slovakia,0,0,0,0,0,0,0,0,0,0,0,0,0,0,0,0,0,0,0,0,0,0,0,0,0,0,0,0,0,0,0,0,0,0,0,0,0,0,0,0,0,0,0,0,1,1,3,3
Togo,Togo,0,0,0,0,0,0,0,0,0,0,0,0,0,0,0,0,0,0,0,0,0,0,0,0,0,0,0,0,0,0,0,0,0,0,0,0,0,0,0,0,0,0,0,0,1,1,1,1
"Chatham County, NC",US,0,0,0,0,0,0,0,0,0,0,0,0,0,0,0,0,0,0,0,0,0,0,0,0,0,0,0,0,0,0,0,0,0,0,0,0,0,0,0,0,0,0,0,0,1,1,1,1
"Delaware County, PA",US,0,0,0,0,0,0,0,0,0,0,0,0,0,0,0,0,0,0,0,0,0,0,0,0,0,0,0,0,0,0,0,0,0,0,0,0,0,0,0,0,0,0,0,0,1,1,1,1
"Douglas County, NE",US,0,0,0,0,0,0,0,0,0,0,0,0,0,0,0,0,0,0,0,0,0,0,0,0,0,0,0,0,0,0,0,0,0,0,0,0,0,0,0,0,0,0,0,0,1,1,1,3
"Fayette County, KY",US,0,0,0,0,0,0,0,0,0,0,0,0,0,0,0,0,0,0,0,0,0,0,0,0,0,0,0,0,0,0,0,0,0,0,0,0,0,0,0,0,0,0,0,0,1,1,1,1
"Marion County, IN",US,0,0,0,0,0,0,0,0,0,0,0,0,0,0,0,0,0,0,0,0,0,0,0,0,0,0,0,0,0,0,0,0,0,0,0,0,0,0,0,0,0,0,0,0,1,1,1,1
"Middlesex County, MA",US,0,0,0,0,0,0,0,0,0,0,0,0,0,0,0,0,0,0,0,0,0,0,0,0,0,0,0,0,0,0,0,0,0,0,0,0,0,0,0,0,0,0,0,0,1,1,7,7
"Nassau County, NY",US,0,0,0,0,0,0,0,0,0,0,0,0,0,0,0,0,0,0,0,0,0,0,0,0,0,0,0,0,0,0,0,0,0,0,0,0,0,0,0,0,0,0,0,1,1,4,5,17
"Ramsey County, MN",US,0,0,0,0,0,0,0,0,0,0,0,0,0,0,0,0,0,0,0,0,0,0,0,0,0,0,0,0,0,0,0,0,0,0,0,0,0,0,0,0,0,0,0,0,1,1,1,1
"Washoe County, NV",US,0,0,0,0,0,0,0,0,0,0,0,0,0,0,0,0,0,0,0,0,0,0,0,0,0,0,0,0,0,0,0,0,0,0,0,0,0,0,0,0,0,0,0,0,1,1,2,2
"Wayne County, PA",US,0,0,0,0,0,0,0,0,0,0,0,0,0,0,0,0,0,0,0,0,0,0,0,0,0,0,0,0,0,0,0,0,0,0,0,0,0,0,0,0,0,0,0,0,1,1,1,1
"Yolo County, CA",US,0,0,0,0,0,0,0,0,0,0,0,0,0,0,0,0,0,0,0,0,0,0,0,0,0,0,0,0,0,0,0,0,0,0,0,0,0,0,0,0,0,0,0,0,1,1,1,1
Vatican City,Vatican City,0,0,0,0,0,0,0,0,0,0,0,0,0,0,0,0,0,0,0,0,0,0,0,0,0,0,0,0,0,0,0,0,0,0,0,0,0,0,0,0,0,0,0,0,1,1,1,1
"Santa Clara County, CA",US,0,0,0,0,0,0,0,0,0,1,1,1,2,2,2,2,2,2,2,2,2,2,2,2,2,2,2,2,2,2,2,2,2,2,2,2,2,2,3,3,9,11,11,20,20,32,38,38
Grand Princess Cruise Ship,US,0,0,0,0,0,0,0,0,0,0,0,0,0,0,0,0,0,0,0,0,0,0,0,0,0,0,0,0,0,0,0,0,0,0,0,0,0,0,0,0,0,0,0,0,0,21,21,21
French Guiana,French Guiana,0,0,0,0,0,0,0,0,0,0,0,0,0,0,0,0,0,0,0,0,0,0,0,0,0,0,0,0,0,0,0,0,0,0,0,0,0,0,0,0,0,0,0,0,0,5,5,5
Malta,Malta,0,0,0,0,0,0,0,0,0,0,0,0,0,0,0,0,0,0,0,0,0,0,0,0,0,0,0,0,0,0,0,0,0,0,0,0,0,0,0,0,0,0,0,0,0,3,3,3
"Douglas County, CO",US,0,0,0,0,0,0,0,0,0,0,0,0,0,0,0,0,0,0,0,0,0,0,0,0,0,0,0,0,0,0,0,0,0,0,0,0,0,0,0,0,0,0,0,0,0,3,3,3
"Providence County, RI",US,0,0,0,0,0,0,0,0,0,0,0,0,0,0,0,0,0,0,0,0,0,0,0,0,0,0,0,0,0,0,0,0,0,0,0,0,0,0,0,1,2,2,2,2,2,3,3,3
Martinique,Martinique,0,0,0,0,0,0,0,0,0,0,0,0,0,0,0,0,0,0,0,0,0,0,0,0,0,0,0,0,0,0,0,0,0,0,0,0,0,0,0,0,0,0,0,0,0,2,2,2
"Alameda County, CA",US,0,0,0,0,0,0,0,0,0,0,0,0,0,0,0,0,0,0,0,0,0,0,0,0,0,0,0,0,0,0,0,0,0,0,0,0,0,0,0,0,0,1,1,1,1,2,2,2
"Broward County, FL",US,0,0,0,0,0,0,0,0,0,0,0,0,0,0,0,0,0,0,0,0,0,0,0,0,0,0,0,0,0,0,0,0,0,0,0,0,0,0,0,0,0,0,0,0,0,2,2,3
"Fairfield County, CT",US,0,0,0,0,0,0,0,0,0,0,0,0,0,0,0,0,0,0,0,0,0,0,0,0,0,0,0,0,0,0,0,0,0,0,0,0,0,0,0,0,0,0,0,0,0,2,1,1
"Lee County, FL",US,0,0,0,0,0,0,0,0,0,0,0,0,0,0,0,0,0,0,0,0,0,0,0,0,0,0,0,0,0,0,0,0,0,0,0,0,0,0,0,0,0,0,0,0,0,2,2,2
"Pinal County, AZ",US,0,0,0,0,0,0,0,0,0,0,0,0,0,0,0,0,0,0,0,0,0,0,0,0,0,0,0,0,0,0,0,0,0,0,0,0,0,0,0,0,0,0,0,0,0,2,2,2
"Rockland County, NY",US,0,0,0,0,0,0,0,0,0,0,0,0,0,0,0,0,0,0,0,0,0,0,0,0,0,0,0,0,0,0,0,0,0,0,0,0,0,0,0,0,0,0,0,0,0,2,2,4
"Saratoga County, NY",US,0,0,0,0,0,0,0,0,0,0,0,0,0,0,0,0,0,0,0,0,0,0,0,0,0,0,0,0,0,0,0,0,0,0,0,0,0,0,0,0,0,0,0,0,0,2,2,2
"Charleston County, SC",US,0,0,0,0,0,0,0,0,0,0,0,0,0,0,0,0,0,0,0,0,0,0,0,0,0,0,0,0,0,0,0,0,0,0,0,0,0,0,0,0,0,0,0,0,0,1,1,1
"Clark County, WA",US,0,0,0,0,0,0,0,0,0,0,0,0,0,0,0,0,0,0,0,0,0,0,0,0,0,0,0,0,0,0,0,0,0,0,0,0,0,0,0,0,0,0,0,0,0,1,1,1
"Cobb County, GA",US,0,0,0,0,0,0,0,0,0,0,0,0,0,0,0,0,0,0,0,0,0,0,0,0,0,0,0,0,0,0,0,0,0,0,0,0,0,0,0,0,0,0,0,0,0,1,1,3
"Davis County, UT",US,0,0,0,0,0,0,0,0,0,0,0,0,0,0,0,0,0,0,0,0,0,0,0,0,0,0,0,0,0,0,0,0,0,0,0,0,0,0,0,0,0,0,0,0,0,1,1,1
"El Paso County, CO",US,0,0,0,0,0,0,0,0,0,0,0,0,0,0,0,0,0,0,0,0,0,0,0,0,0,0,0,0,0,0,0,0,0,0,0,0,0,0,0,0,0,0,0,0,0,1,1,1
"Honolulu County, HI",US,0,0,0,0,0,0,0,0,0,0,0,0,0,0,0,0,0,0,0,0,0,0,0,0,0,0,0,0,0,0,0,0,0,0,0,0,0,0,0,0,0,0,0,0,0,1,1,2
"Jackson County, OR ",US,0,0,0,0,0,0,0,0,0,0,0,0,0,0,0,0,0,0,0,0,0,0,0,0,0,0,0,0,0,0,0,0,0,0,0,0,0,0,0,0,0,0,0,0,0,1,2,2
"Jefferson County, WA",US,0,0,0,0,0,0,0,0,0,0,0,0,0,0,0,0,0,0,0,0,0,0,0,0,0,0,0,0,0,0,0,0,0,0,0,0,0,0,0,0,0,0,0,0,0,1,1,1
"Kershaw County, SC",US,0,0,0,0,0,0,0,0,0,0,0,0,0,0,0,0,0,0,0,0,0,0,0,0,0,0,0,0,0,0,0,0,0,0,0,0,0,0,0,0,0,0,0,0,0,1,1,4
"Klamath County, OR",US,0,0,0,0,0,0,0,0,0,0,0,0,0,0,0,0,0,0,0,0,0,0,0,0,0,0,0,0,0,0,0,0,0,0,0,0,0,0,0,0,0,0,0,0,0,1,1,1
"Madera County, CA",US,0,0,0,0,0,0,0,0,0,0,0,0,0,0,0,0,0,0,0,0,0,0,0,0,0,0,0,0,0,0,0,0,0,0,0,0,0,0,0,0,0,0,0,0,0,1,1,1
"Pierce County, WA",US,0,0,0,0,0,0,0,0,0,0,0,0,0,0,0,0,0,0,0,0,0,0,0,0,0,0,0,0,0,0,0,0,0,0,0,0,0,0,0,0,0,0,0,0,0,1,4,4
"Plymouth County, MA",US,0,0,0,0,0,0,0,0,0,0,0,0,0,0,0,0,0,0,0,0,0,0,0,0,0,0,0,0,0,0,0,0,0,0,0,0,0,0,0,0,0,0,0,0,1,1,1,1
"Tulsa County, OK",US,0,0,0,0,0,0,0,0,0,0,0,0,0,0,0,0,0,0,0,0,0,0,0,0,0,0,0,0,0,0,0,0,0,0,0,0,0,0,0,0,0,0,0,0,0,1,1,1
"Montgomery County, TX",US,0,0,0,0,0,0,0,0,0,0,0,0,0,0,0,0,0,0,0,0,0,0,0,0,0,0,0,0,0,0,0,0,0,0,0,0,0,0,0,0,0,0,0,0,0,0,0,0
Bulgaria,Bulgaria,0,0,0,0,0,0,0,0,0,0,0,0,0,0,0,0,0,0,0,0,0,0,0,0,0,0,0,0,0,0,0,0,0,0,0,0,0,0,0,0,0,0,0,0,0,0,4,4
Maldives,Maldives,0,0,0,0,0,0,0,0,0,0,0,0,0,0,0,0,0,0,0,0,0,0,0,0,0,0,0,0,0,0,0,0,0,0,0,0,0,0,0,0,0,0,0,0,0,0,4,4
"Montgomery County, PA",US,0,0,0,0,0,0,0,0,0,0,0,0,0,0,0,0,0,0,0,0,0,0,0,0,0,0,0,0,0,0,0,0,0,0,0,0,0,0,0,0,0,0,0,0,0,0,4,5
Bangladesh,Bangladesh,0,0,0,0,0,0,0,0,0,0,0,0,0,0,0,0,0,0,0,0,0,0,0,0,0,0,0,0,0,0,0,0,0,0,0,0,0,0,0,0,0,0,0,0,0,0,3,3
"Fairfax County, VA",US,0,0,0,0,0,0,0,0,0,0,0,0,0,0,0,0,0,0,0,0,0,0,0,0,0,0,0,0,0,0,0,0,0,0,0,0,0,0,0,0,0,0,0,0,0,0,2,2
"Rockingham County, NH",US,0,0,0,0,0,0,0,0,0,0,0,0,0,0,0,0,0,0,0,0,0,0,0,0,0,0,0,0,0,0,0,0,0,0,0,0,0,0,0,0,0,0,0,0,0,0,2,1
"Washington, D.C.",US,0,0,0,0,0,0,0,0,0,0,0,0,0,0,0,0,0,0,0,0,0,0,0,0,0,0,0,0,0,0,0,0,0,0,0,0,0,0,0,0,0,0,0,0,0,0,2,2
Moldova,Moldova,0,0,0,0,0,0,0,0,0,0,0,0,0,0,0,0,0,0,0,0,0,0,0,0,0,0,0,0,0,0,0,0,0,0,0,0,0,0,0,0,0,0,0,0,0,0,1,1
Paraguay,Paraguay,0,0,0,0,0,0,0,0,0,0,0,0,0,0,0,0,0,0,0,0,0,0,0,0,0,0,0,0,0,0,0,0,0,0,0,0,0,0,0,0,0,0,0,0,0,0,1,1
"Berkshire County, MA",US,0,0,0,0,0,0,0,0,0,0,0,0,0,0,0,0,0,0,0,0,0,0,0,0,0,0,0,0,0,0,0,0,0,0,0,0,0,0,0,0,0,0,0,0,0,0,1,1
"Davidson County, TN",US,0,0,0,0,0,0,0,0,0,0,0,0,0,0,0,0,0,0,0,0,0,0,0,0,0,0,0,0,0,0,0,0,0,0,0,0,0,0,0,0,0,0,0,0,0,0,1,1
"Douglas County, OR",US,0,0,0,0,0,0,0,0,0,0,0,0,0,0,0,0,0,0,0,0,0,0,0,0,0,0,0,0,0,0,0,0,0,0,0,0,0,0,0,0,0,0,0,0,0,0,1,1
"Fresno County, CA",US,0,0,0,0,0,0,0,0,0,0,0,0,0,0,0,0,0,0,0,0,0,0,0,0,0,0,0,0,0,0,0,0,0,0,0,0,0,0,0,0,0,0,0,0,0,0,1,1
"Harford County, MD",US,0,0,0,0,0,0,0,0,0,0,0,0,0,0,0,0,0,0,0,0,0,0,0,0,0,0,0,0,0,0,0,0,0,0,0,0,0,0,0,0,0,0,0,0,0,0,1,1
"Hendricks County, IN",US,0,0,0,0,0,0,0,0,0,0,0,0,0,0,0,0,0,0,0,0,0,0,0,0,0,0,0,0,0,0,0,0,0,0,0,0,0,0,0,0,0,0,0,0,0,0,1,2
"Hudson County, NJ",US,0,0,0,0,0,0,0,0,0,0,0,0,0,0,0,0,0,0,0,0,0,0,0,0,0,0,0,0,0,0,0,0,0,0,0,0,0,0,0,0,0,0,0,0,0,0,1,1
"Johnson County, KS",US,0,0,0,0,0,0,0,0,0,0,0,0,0,0,0,0,0,0,0,0,0,0,0,0,0,0,0,0,0,0,0,0,0,0,0,0,0,0,0,0,0,0,0,0,0,0,1,1
"Kittitas County, WA",US,0,0,0,0,0,0,0,0,0,0,0,0,0,0,0,0,0,0,0,0,0,0,0,0,0,0,0,0,0,0,0,0,0,0,0,0,0,0,0,0,0,0,0,0,0,0,1,1
"Manatee County, FL",US,0,0,0,0,0,0,0,0,0,0,0,0,0,0,0,0,0,0,0,0,0,0,0,0,0,0,0,0,0,0,0,0,0,0,0,0,0,0,0,0,0,0,0,0,0,0,1,2
"Marion County, OR",US,0,0,0,0,0,0,0,0,0,0,0,0,0,0,0,0,0,0,0,0,0,0,0,0,0,0,0,0,0,0,0,0,0,0,0,0,0,0,0,0,0,0,0,0,0,0,1,1
"Okaloosa County, FL",US,0,0,0,0,0,0,0,0,0,0,0,0,0,0,0,0,0,0,0,0,0,0,0,0,0,0,0,0,0,0,0,0,0,0,0,0,0,0,0,0,0,0,0,0,0,0,1,1
"Polk County, GA",US,0,0,0,0,0,0,0,0,0,0,0,0,0,0,0,0,0,0,0,0,0,0,0,0,0,0,0,0,0,0,0,0,0,0,0,0,0,0,0,0,0,0,0,0,1,2,1,1
"Riverside County, CA",US,0,0,0,0,0,0,0,0,0,0,0,0,0,0,0,0,0,0,0,0,0,0,0,0,0,0,0,0,0,0,0,0,0,0,0,0,0,0,0,0,0,0,0,0,0,0,1,1
"Shelby County, TN",US,0,0,0,0,0,0,0,0,0,0,0,0,0,0,0,0,0,0,0,0,0,0,0,0,0,0,0,0,0,0,0,0,0,0,0,0,0,0,0,0,0,0,0,0,0,0,1,1
"Spokane County, WA",US,0,0,0,0,0,0,0,0,0,0,0,0,0,0,0,0,0,0,0,0,0,0,0,0,0,0,0,0,0,0,0,0,0,0,0,0,0,0,0,0,0,0,0,0,0,0,1,1
"St. Louis County, MO",US,0,0,0,0,0,0,0,0,0,0,0,0,0,0,0,0,0,0,0,0,0,0,0,0,0,0,0,0,0,0,0,0,0,0,0,0,0,0,0,0,0,0,0,0,0,0,1,1
"Suffolk County, NY",US,0,0,0,0,0,0,0,0,0,0,0,0,0,0,0,0,0,0,0,0,0,0,0,0,0,0,0,0,0,0,0,0,0,0,0,0,0,0,0,0,0,0,0,0,0,0,1,1
"Ulster County, NY",US,0,0,0,0,0,0,0,0,0,0,0,0,0,0,0,0,0,0,0,0,0,0,0,0,0,0,0,0,0,0,0,0,0,0,0,0,0,0,0,0,0,0,0,0,0,0,1,1
"Unknown Location, MA",US,0,0,0,0,0,0,0,0,0,0,0,0,0,0,0,0,0,0,0,0,0,0,0,0,0,0,0,0,0,0,0,0,0,0,0,0,0,0,0,0,0,0,0,0,0,0,1,1
"Volusia County, FL",US,0,0,0,0,0,0,0,0,0,0,0,0,0,0,0,0,0,0,0,0,0,0,0,0,0,0,0,0,0,0,0,0,0,0,0,0,0,0,0,0,0,0,0,0,0,0,1,1
Ontario,Canada,0,0,0,0,1,1,1,1,1,3,3,3,3,3,3,3,3,3,3,3,3,3,3,3,3,3,3,3,3,3,3,3,3,4,4,4,6,6,11,15,18,20,20,22,25,28,29,34
Alberta,Canada,0,0,0,0,0,0,0,0,0,0,0,0,0,0,0,0,0,0,0,0,0,0,0,0,0,0,0,0,0,0,0,0,0,0,0,0,0,0,0,0,0,0,0,0,1,2,4,7
Quebec,Canada,0,0,0,0,0,0,0,0,0,0,0,0,0,0,0,0,0,0,0,0,0,0,0,0,0,0,0,0,0,0,0,0,0,0,0,0,0,1,1,1,1,1,1,2,2,3,4,4
"Johnson County, IA",US,0,0,0,0,0,0,0,0,0,0,0,0,0,0,0,0,0,0,0,0,0,0,0,0,0,0,0,0,0,0,0,0,0,0,0,0,0,0,0,0,0,0,0,0,0,0,0,3
Albania,Albania,0,0,0,0,0,0,0,0,0,0,0,0,0,0,0,0,0,0,0,0,0,0,0,0,0,0,0,0,0,0,0,0,0,0,0,0,0,0,0,0,0,0,0,0,0,0,0,2
Cyprus,Cyprus,0,0,0,0,0,0,0,0,0,0,0,0,0,0,0,0,0,0,0,0,0,0,0,0,0,0,0,0,0,0,0,0,0,0,0,0,0,0,0,0,0,0,0,0,0,0,0,2
St. Martin,St. Martin,0,0,0,0,0,0,0,0,0,0,0,0,0,0,0,0,0,0,0,0,0,0,0,0,0,0,0,0,0,0,0,0,0,0,0,0,0,0,0,0,0,0,0,0,0,0,0,2
"Harrison County, KY",US,0,0,0,0,0,0,0,0,0,0,0,0,0,0,0,0,0,0,0,0,0,0,0,0,0,0,0,0,0,0,0,0,0,0,0,0,0,0,0,0,0,0,0,0,0,0,0,2
Brunei,Brunei,0,0,0,0,0,0,0,0,0,0,0,0,0,0,0,0,0,0,0,0,0,0,0,0,0,0,0,0,0,0,0,0,0,0,0,0,0,0,0,0,0,0,0,0,0,0,0,1
"Bennington County, VT",US,0,0,0,0,0,0,0,0,0,0,0,0,0,0,0,0,0,0,0,0,0,0,0,0,0,0,0,0,0,0,0,0,0,0,0,0,0,0,0,0,0,0,0,0,0,0,1,1
"Carver County, MN",US,0,0,0,0,0,0,0,0,0,0,0,0,0,0,0,0,0,0,0,0,0,0,0,0,0,0,0,0,0,0,0,0,0,0,0,0,0,0,0,0,0,0,0,0,0,0,0,1
"Charlotte County, FL",US,0,0,0,0,0,0,0,0,0,0,0,0,0,0,0,0,0,0,0,0,0,0,0,0,0,0,0,0,0,0,0,0,0,0,0,0,0,0,0,0,0,0,0,0,0,0,0,1
"Cherokee County, GA",US,0,0,0,0,0,0,0,0,0,0,0,0,0,0,0,0,0,0,0,0,0,0,0,0,0,0,0,0,0,0,0,0,0,0,0,0,0,0,0,0,0,0,0,0,0,0,0,1
"Collin County, TX",US,0,0,0,0,0,0,0,0,0,0,0,0,0,0,0,0,0,0,0,0,0,0,0,0,0,0,0,0,0,0,0,0,0,0,0,0,0,0,0,0,0,0,0,0,0,0,0,1
"Jefferson County, KY",US,0,0,0,0,0,0,0,0,0,0,0,0,0,0,0,0,0,0,0,0,0,0,0,0,0,0,0,0,0,0,0,0,0,0,0,0,0,0,0,0,0,0,0,0,0,0,0,1
"Jefferson Parish, LA",US,0,0,0,0,0,0,0,0,0,0,0,0,0,0,0,0,0,0,0,0,0,0,0,0,0,0,0,0,0,0,0,0,0,0,0,0,0,0,0,0,0,0,0,0,0,0,0,1
"Shasta County, CA",US,0,0,0,0,0,0,0,0,0,0,0,0,0,0,0,0,0,0,0,0,0,0,0,0,0,0,0,0,0,0,0,0,0,0,0,0,0,0,0,0,0,0,0,0,0,0,0,1
"Spartanburg County, SC",US,0,0,0,0,0,0,0,0,0,0,0,0,0,0,0,0,0,0,0,0,0,0,0,0,0,0,0,0,0,0,0,0,0,0,0,0,0,0,0,0,0,0,0,0,0,0,0,1
